Radiation:
	Mesh:
		hvx = 1
		hvy = 0
		hvz = 0
		nSlices = 1
		nvx = 0
		nvy = 0
		nvz = 1
		nx = 1024
		ny = 1024
		qxMax = None
		qxMin = None
		qyMax = None
		qyMin = None
		sliceMax = 3000.0
		sliceMin = 3000.0
		xMax = 0.00040000000000000013
		xMin = -0.0004
		yMax = 0.00040000000000000013
		yMin = -0.0004
		zCoord = 0.0
		
	Rx = 15.19526060006482
	Ry = 15.19526060006482
	dRx = 1.6975472844087072
	dRy = 1.6975472844087072
	nval = 2
	photonEnergy = 3000.0
	wDomain = frequency
	wEFieldUnit = sqrt(Phot/s/0.1%bw/mm^2)
	wFloatType = float
	wSpace = R-space
	wavelength = 4.1328065795403104e-10
	xCentre = 0.0
	yCentre = 0.0
	
	arrEhor = array of shape (1024, 1024, 1, 2) // the 2-nd dimension is (re,im)
	arrEver = array of shape (1024, 1024, 1, 2) // the 2-nd dimension is (re,im)
